[0.00] (ok)
[0.00] (ok)
[0.00] (ok)

               A           B           C           D           E           F           G           H           I           J
   1           1           2           3           0           0           0           0           0           0           0
   2           0           0           0           0           0           0           0           0           0           0
   3           0           0           0           0           0           0           0           0           0           0
   4           0           0           0           0           0           0           0           0           0           0
   5           0           0           0           0           0           0           0           0           0           0
   6           0           0           0           0           0           0           0           0           0           0
   7           0           0           0           0           0           0           0           0           0           0
   8           0           0           0           0           0           0           0           0           0           0
   9           0           0           0           0           0           0           0           0           0           0
  10           0           0           0           0           0           0           0           0           0           0
  